    unsorted:	 0.1760001191 0.3254038946 0.3672593733 6.953232984 5.630536941 18.83905419 22.19112619 115.8022196 64.08976261 125.5030890 137.9671239 168.6505809 168.8430954 246.4732654 311.4418998 620.6483403 699.6221953 1376.108751 1593.599818 1721.643194 2181.986986 2019.538601 3700.303221 6001.949755 6682.387152 8526.046106 9074.442460 9664.839138 11242.23154 11635.98644 11816.86963 12490.30471 13489.11561 14547.11250 14882.15436 15532.30526 15948.56871 16279.87442 16536.74374 17235.95990 18120.67950 18375.08181 18701.03942 19213.90248 19387.52538 19900.90279 21320.48840 21139.02458 25920.41464 26824.51090 31184.19930 35425.28713 50086.50126 82271.32678 336010.9646 4961096.750
      sorted:	 0.1760001191 0.3254038946 0.3672593733 5.630536941 6.953232984 18.83905419 22.19112619 64.08976261 115.8022196 125.5030890 137.9671239 168.6505809 168.8430954 246.4732654 311.4418998 620.6483403 699.6221953 1376.108751 1593.599818 1721.643194 2019.538601 2181.986986 3700.303221 6001.949755 6682.387152 8526.046106 9074.442460 9664.839138 11242.23154 11635.98644 11816.86963 12490.30471 13489.11561 14547.11250 14882.15436 15532.30526 15948.56871 16279.87442 16536.74374 17235.95990 18120.67950 18375.08181 18701.03942 19213.90248 19387.52538 19900.90279 21139.02458 21320.48840 25920.41464 26824.51090 31184.19930 35425.28713 50086.50126 82271.32678 336010.9646 4961096.750
