    unsorted:	 10.13486995 8.832381927 38.98620625 39.34943701 30.21076374 15.52448252 0.8172163017 0.6644945043 59.74098280 126.7863040 132.9087439 161.5757976 168.8276268 237.9245690 230.7177731 674.1550755 713.1926970 977.6315933 1670.762446 1592.901782 1545.409625 2098.537907 3509.626093 5902.656997 6772.128976 9543.230925 9196.869477 8148.476411 10655.02694 11441.50182 12898.76094 12999.11627 12201.75874 13938.27679 14170.05312 14772.94512 15342.29027 15613.71933 16367.64784 17027.19348 17381.34907 17707.57777 18551.26597 19102.67992 19179.68728 19755.04720 20565.84544 21022.54682 24508.92112 25116.95831 28561.85581 33932.38905 35861.60812 72418.20129 335979.8052 1927784.082
      sorted:	 0.6644945043 0.8172163017 8.832381927 10.13486995 15.52448252 30.21076374 38.98620625 39.34943701 59.74098280 126.7863040 132.9087439 161.5757976 168.8276268 230.7177731 237.9245690 674.1550755 713.1926970 977.6315933 1545.409625 1592.901782 1670.762446 2098.537907 3509.626093 5902.656997 6772.128976 8148.476411 9196.869477 9543.230925 10655.02694 11441.50182 12201.75874 12898.76094 12999.11627 13938.27679 14170.05312 14772.94512 15342.29027 15613.71933 16367.64784 17027.19348 17381.34907 17707.57777 18551.26597 19102.67992 19179.68728 19755.04720 20565.84544 21022.54682 24508.92112 25116.95831 28561.85581 33932.38905 35861.60812 72418.20129 335979.8052 1927784.082
