    unsorted:	 2.467359823 0.2520784296 0.8829241179 0.6484681044 6.384197121 19.55575431 44.20765999 53.86825447 55.94105260 107.3947936 130.9109822 148.5122888 200.9334910 217.4547449 998.6977082 1214.300955 1583.069021 1685.199953 1916.517677 2108.966705 3586.451419 5963.325059 6599.862629 9335.969796 8655.782033 10103.23397 11136.00398 11492.74591 12455.14426 13028.31032 13589.61083 13801.23115 14439.40698 15315.19164 16103.27312 16437.34939 16827.38142 17230.73838 17455.40770 18112.46585 18796.22916 18858.24666 19329.29685 20126.50665 20486.53132 20822.97998 24196.20919 25008.85970 27625.64098 32041.36052 51707.30836 83851.41510 336018.5604 7402767.435
      sorted:	 0.2520784296 0.6484681044 0.8829241179 2.467359823 6.384197121 19.55575431 44.20765999 53.86825447 55.94105260 107.3947936 130.9109822 148.5122888 200.9334910 217.4547449 998.6977082 1214.300955 1583.069021 1685.199953 1916.517677 2108.966705 3586.451419 5963.325059 6599.862629 8655.782033 9335.969796 10103.23397 11136.00398 11492.74591 12455.14426 13028.31032 13589.61083 13801.23115 14439.40698 15315.19164 16103.27312 16437.34939 16827.38142 17230.73838 17455.40770 18112.46585 18796.22916 18858.24666 19329.29685 20126.50665 20486.53132 20822.97998 24196.20919 25008.85970 27625.64098 32041.36052 51707.30836 83851.41510 336018.5604 7402767.435
