    unsorted:	 0.8843742197 0.7069200860 0.6296091355 0.3876972939 0.2722569089 1.177825749 0.09928345690 1.458518920 2.467359701 3.706581627 17.88898617 41.52963296 66.88303399 74.55604961 114.3698883 145.4213350 205.5789571 356.4339714 1087.052206 960.3784582 1440.760497 1633.092197 1943.196669 2066.956129 2418.880731 3381.006777 5041.478501 7500.056843 6851.356635 7840.839477 8929.356639 10831.13707 10481.19902 11175.09790 11829.03895 12438.28750 12758.74643 14018.20466 14406.83782 15494.24688 16337.61328 16432.90050 18078.86631 18442.52587 18681.20244 19875.22020 20273.43013 20787.68516 21614.06494 23611.17839 23834.24611 26935.12400 29343.94671 35089.13287 39371.96337 47160.62656 61180.52727 336080.6833 83248552.27
      sorted:	 0.09928345690 0.2722569089 0.3876972939 0.6296091355 0.7069200860 0.8843742197 1.177825749 1.458518920 2.467359701 3.706581627 17.88898617 41.52963296 66.88303399 74.55604961 114.3698883 145.4213350 205.5789571 356.4339714 960.3784582 1087.052206 1440.760497 1633.092197 1943.196669 2066.956129 2418.880731 3381.006777 5041.478501 6851.356635 7500.056843 7840.839477 8929.356639 10481.19902 10831.13707 11175.09790 11829.03895 12438.28750 12758.74643 14018.20466 14406.83782 15494.24688 16337.61328 16432.90050 18078.86631 18442.52587 18681.20244 19875.22020 20273.43013 20787.68516 21614.06494 23611.17839 23834.24611 26935.12400 29343.94671 35089.13287 39371.96337 47160.62656 61180.52727 336080.6833 83248552.27
