    unsorted:	 2.467359883 0.2695926203 0.8268504706 6.158069025 19.55393884 44.34852511 54.15351935 56.18194289 107.7706175 130.6171710 148.9831958 200.3571974 217.6228051 1002.315811 1217.683918 1583.057270 1685.443146 1928.842476 2112.610785 3589.080958 5962.703518 6603.025749 9335.706485 8630.248117 10063.85977 11149.24133 11465.87912 12473.90477 13026.86276 13558.63491 13803.80734 14435.70730 15322.84311 16104.98437 16387.28863 16803.50833 17128.78236 17410.02598 18111.00726 18800.00687 18838.44878 19309.65659 20103.29737 20485.35705 20794.53695 24185.19074 25004.19066 27668.85624 32076.37931 50513.54069 83240.12331 336018.4784 6917179.617
      sorted:	 0.2695926203 0.8268504706 2.467359883 6.158069025 19.55393884 44.34852511 54.15351935 56.18194289 107.7706175 130.6171710 148.9831958 200.3571974 217.6228051 1002.315811 1217.683918 1583.057270 1685.443146 1928.842476 2112.610785 3589.080958 5962.703518 6603.025749 8630.248117 9335.706485 10063.85977 11149.24133 11465.87912 12473.90477 13026.86276 13558.63491 13803.80734 14435.70730 15322.84311 16104.98437 16387.28863 16803.50833 17128.78236 17410.02598 18111.00726 18800.00687 18838.44878 19309.65659 20103.29737 20485.35705 20794.53695 24185.19074 25004.19066 27668.85624 32076.37931 50513.54069 83240.12331 336018.4784 6917179.617
