    unsorted:	 11.77032273 13.97199126 10.83285496 1.932723515 0.9552092116 30.27828250 40.03768570 57.16008395 136.6165461 151.0974611 159.4617391 221.5340304 168.8224991 263.2869882 270.5608030 753.2991971 797.3075861 860.6375432 1572.574148 1656.166536 1805.604412 2065.064395 3512.288069 5915.148678 6660.251281 9433.944487 8452.075196 9966.473941 11169.69199 11353.96415 12688.38426 13090.86977 13757.82487 14399.04097 14730.39055 15421.03634 15718.18948 16141.54472 16749.66240 17225.28008 17717.64790 18342.26374 19198.41261 19294.43034 19493.44002 20539.42543 21279.02964 20910.61365 24516.76932 25206.13904 27994.10224 33778.37039 46594.55664 85718.19047 335970.7828 2963745.782
      sorted:	 0.9552092116 1.932723515 10.83285496 11.77032273 13.97199126 30.27828250 40.03768570 57.16008395 136.6165461 151.0974611 159.4617391 168.8224991 221.5340304 263.2869882 270.5608030 753.2991971 797.3075861 860.6375432 1572.574148 1656.166536 1805.604412 2065.064395 3512.288069 5915.148678 6660.251281 8452.075196 9433.944487 9966.473941 11169.69199 11353.96415 12688.38426 13090.86977 13757.82487 14399.04097 14730.39055 15421.03634 15718.18948 16141.54472 16749.66240 17225.28008 17717.64790 18342.26374 19198.41261 19294.43034 19493.44002 20539.42543 20910.61365 21279.02964 24516.76932 25206.13904 27994.10224 33778.37039 46594.55664 85718.19047 335970.7828 2963745.782
