    unsorted:	 14.91214197 11.56594426 18.73343807 1.231394914 0.2390869729 0.1262841890 30.01633434 77.57504338 63.13585292 151.7349053 141.2155286 162.3488435 114.2455479 168.3650254 241.7516689 304.9123141 779.5433926 893.0348542 1592.986420 1717.132975 1866.739975 2173.331489 3656.405593 6088.113176 6550.772755 7927.667631 8713.624586 9244.535269 10519.21875 11171.75933 12352.50786 12844.48074 13264.55126 14048.80271 14390.23002 14840.46171 15218.77106 16073.97419 16335.56982 16865.86005 17598.93864 18115.34191 18665.02543 18855.50603 19353.79544 20437.77401 20702.76981 21992.54702 24569.04222 25592.57369 28955.00614 33736.70147 48284.40078 85504.69329 335993.3332 4076525.054
      sorted:	 0.1262841890 0.2390869729 1.231394914 11.56594426 14.91214197 18.73343807 30.01633434 63.13585292 77.57504338 114.2455479 141.2155286 151.7349053 162.3488435 168.3650254 241.7516689 304.9123141 779.5433926 893.0348542 1592.986420 1717.132975 1866.739975 2173.331489 3656.405593 6088.113176 6550.772755 7927.667631 8713.624586 9244.535269 10519.21875 11171.75933 12352.50786 12844.48074 13264.55126 14048.80271 14390.23002 14840.46171 15218.77106 16073.97419 16335.56982 16865.86005 17598.93864 18115.34191 18665.02543 18855.50603 19353.79544 20437.77401 20702.76981 21992.54702 24569.04222 25592.57369 28955.00614 33736.70147 48284.40078 85504.69329 335993.3332 4076525.054
