    unsorted:	 14.82238988 4.004918588 0.1535071391 79.12096050 128.8770630 323.7622209 438.5406421 1807.740264 1662.640786 2056.812153 2202.925237 3483.591813 4232.650245 6120.039617 6524.267702 7614.007086 8902.446774 9317.595823 10456.73307 11810.78448 12974.71088 12761.59800 14736.90170 13878.95396 15039.40823 15265.43609 15714.97469 16793.88502 17022.28498 17540.55722 18592.86746 18433.27322 19131.76201 19603.95198 20357.37780 20572.53872 25128.94347 26053.80660 31478.29344 35851.58022 40387.71862 77642.81595 336060.8008 4844838.773
      sorted:	 0.1535071391 4.004918588 14.82238988 79.12096050 128.8770630 323.7622209 438.5406421 1662.640786 1807.740264 2056.812153 2202.925237 3483.591813 4232.650245 6120.039617 6524.267702 7614.007086 8902.446774 9317.595823 10456.73307 11810.78448 12761.59800 12974.71088 13878.95396 14736.90170 15039.40823 15265.43609 15714.97469 16793.88502 17022.28498 17540.55722 18433.27322 18592.86746 19131.76201 19603.95198 20357.37780 20572.53872 25128.94347 26053.80660 31478.29344 35851.58022 40387.71862 77642.81595 336060.8008 4844838.773
