    unsorted:	 12626.70288 14877.73866 14392.63165 15544.09730 16420.56905 16664.52711 17121.98139 13145.69248 17763.99696 18144.59049 18875.16364 18512.83628 19158.31068 19803.74574 11466.44799 10874.01708 20659.96088 20813.17173 9456.917610 9249.571924 7904.953880 6538.348733 6235.445391 4115.237708 3486.052961 1800.290780 1885.489447 1656.211827 2212.894700 78.70174775 117.8797984 38.07179119 1.246547069 0.2943871481 311.1176135 433.7049259 25514.29428 26135.62296 31321.86605 35555.16902 55141.60601 86186.38640 336075.4095 9196202.401
      sorted:	 0.2943871481 1.246547069 38.07179119 78.70174775 117.8797984 311.1176135 433.7049259 1656.211827 1800.290780 1885.489447 2212.894700 3486.052961 4115.237708 6235.445391 6538.348733 7904.953880 9249.571924 9456.917610 10874.01708 11466.44799 12626.70288 13145.69248 14392.63165 14877.73866 15544.09730 16420.56905 16664.52711 17121.98139 17763.99696 18144.59049 18512.83628 18875.16364 19158.31068 19803.74574 20659.96088 20813.17173 25514.29428 26135.62296 31321.86605 35555.16902 55141.60601 86186.38640 336075.4095 9196202.401
