    unsorted:	 32.45670829 0.3397141988 30.90178542 17.54421099 64.95584158 128.1465747 122.6851839 256.2076814 654.1753285 743.9174759 1663.692631 1588.558272 1493.266471 2315.058833 3917.045587 6660.299274 6180.517836 8316.076882 9434.191848 9099.308849 11013.27826 11538.32346 11829.15690 12734.47559 13187.56401 14145.06116 14813.55405 14658.00392 15483.54399 15756.48429 16305.59272 16834.06653 17799.16469 18210.05013 18745.85479 18911.51330 19223.12802 19792.00868 20759.98210 21204.25221 25331.90798 26178.80112 30599.25600 35267.79704 40076.38051 74245.05226 335998.8093 3018641.324
      sorted:	 0.3397141988 17.54421099 30.90178542 32.45670829 64.95584158 122.6851839 128.1465747 256.2076814 654.1753285 743.9174759 1493.266471 1588.558272 1663.692631 2315.058833 3917.045587 6180.517836 6660.299274 8316.076882 9099.308849 9434.191848 11013.27826 11538.32346 11829.15690 12734.47559 13187.56401 14145.06116 14658.00392 14813.55405 15483.54399 15756.48429 16305.59272 16834.06653 17799.16469 18210.05013 18745.85479 18911.51330 19223.12802 19792.00868 20759.98210 21204.25221 25331.90798 26178.80112 30599.25600 35267.79704 40076.38051 74245.05226 335998.8093 3018641.324
