    unsorted:	 0.1319513855 3.954922103 20.22090466 30.14173181 70.73781443 135.7412387 122.8975624 264.7405444 640.2770066 751.9023515 1599.975639 1742.196952 1362.863301 2205.548219 3702.453938 5930.274747 6518.326149 9322.017103 8999.288561 8318.776076 11371.99678 10913.61240 12520.12952 11969.97765 13138.25995 14394.07444 14710.42286 15374.10453 15592.93045 16072.83030 16316.02174 17125.38286 18072.50820 18011.65663 18662.01300 18851.13115 19171.79586 19584.32513 20695.68076 21654.12617 25065.13052 25760.20892 29855.16286 34649.90757 52435.30597 84089.70100 336002.6237 5933675.434
      sorted:	 0.1319513855 3.954922103 20.22090466 30.14173181 70.73781443 122.8975624 135.7412387 264.7405444 640.2770066 751.9023515 1362.863301 1599.975639 1742.196952 2205.548219 3702.453938 5930.274747 6518.326149 8318.776076 8999.288561 9322.017103 10913.61240 11371.99678 11969.97765 12520.12952 13138.25995 14394.07444 14710.42286 15374.10453 15592.93045 16072.83030 16316.02174 17125.38286 18011.65663 18072.50820 18662.01300 18851.13115 19171.79586 19584.32513 20695.68076 21654.12617 25065.13052 25760.20892 29855.16286 34649.90757 52435.30597 84089.70100 336002.6237 5933675.434
