    unsorted:	 55.45863195 70.77704971 85.46594458 159.2820796 0.1969299769 275.5286949 517.0149827 1668.179116 1602.418341 2161.690460 2483.752367 3691.997982 4903.884690 6596.978746 6532.118918 8160.081253 9342.021919 9589.156850 10876.51381 11513.29639 12646.61631 13040.99405 14221.94942 14943.98310 15494.84218 16292.03326 16509.25746 16835.63207 17660.11088 17981.34368 18501.76493 18735.46476 19088.31020 19811.56638 20566.72692 20605.48528 25346.45507 26303.85778 31023.93250 35393.92253 52847.71814 86854.27262 336059.0630 5756748.374
      sorted:	 0.1969299769 55.45863195 70.77704971 85.46594458 159.2820796 275.5286949 517.0149827 1602.418341 1668.179116 2161.690460 2483.752367 3691.997982 4903.884690 6532.118918 6596.978746 8160.081253 9342.021919 9589.156850 10876.51381 11513.29639 12646.61631 13040.99405 14221.94942 14943.98310 15494.84218 16292.03326 16509.25746 16835.63207 17660.11088 17981.34368 18501.76493 18735.46476 19088.31020 19811.56638 20566.72692 20605.48528 25346.45507 26303.85778 31023.93250 35393.92253 52847.71814 86854.27262 336059.0630 5756748.374
