    unsorted:	 16432.68903 16147.68973 17415.70478 16952.24026 17887.32184 15443.96854 18377.22444 18674.68819 19037.69224 14841.50477 19547.70596 14192.78760 12892.30127 12602.80346 20521.14440 20502.91739 11466.40276 10655.08271 9124.379430 9275.211121 7901.215050 6388.577413 6483.476269 4813.566575 3548.987424 2448.086926 2132.857765 1750.231913 1638.646748 3.814943227 1.222411159 18.13889273 76.05672324 155.6387544 281.2157026 514.4134957 25015.22380 26014.25658 30531.25488 34802.79272 54197.31282 87507.94949 336056.3371 6258457.328
      sorted:	 1.222411159 3.814943227 18.13889273 76.05672324 155.6387544 281.2157026 514.4134957 1638.646748 1750.231913 2132.857765 2448.086926 3548.987424 4813.566575 6388.577413 6483.476269 7901.215050 9124.379430 9275.211121 10655.08271 11466.40276 12602.80346 12892.30127 14192.78760 14841.50477 15443.96854 16147.68973 16432.68903 16952.24026 17415.70478 17887.32184 18377.22444 18674.68819 19037.69224 19547.70596 20502.91739 20521.14440 25015.22380 26014.25658 30531.25488 34802.79272 54197.31282 87507.94949 336056.3371 6258457.328
